   17.805472 5.724655e-02   1   0
   17.806161 4.304739e-02   1   1
   26.700345 1.733653e-01   2   0
   26.701376 1.544691e-01   2   1
   26.704471 9.736053e-02   2   2
   35.585811 3.531494e-01   3   0
   35.587179 3.318536e-01   3   1
   35.591290 2.676065e-01   3   2
   35.598155 1.582484e-01   3   3
   35.598167 1.582484e-01   3   3
   44.458779 5.675465e-01   4   0
   44.460481 5.461908e-01   4   1
   44.465594 4.818236e-01   4   2
   44.474117 3.719856e-01   4   3
   44.474160 3.719856e-01   4   3
   44.486151 2.131974e-01   4   4
   53.316198 7.732454e-01   5   0
   53.318227 7.534493e-01   5   1
   53.324325 6.940612e-01   5   2
   53.334459 5.935813e-01   5   3
   53.334574 5.935813e-01   5   3
   53.348843 4.479904e-01   5   4
   53.367363 2.523695e-01   5   5
   62.155065 9.262148e-01   6   0
   62.157415 9.100180e-01   6   1
   62.164478 8.596281e-01   6   2
   62.176151 7.744451e-01   6   3
   62.176410 7.744451e-01   6   3
   62.192874 6.508698e-01   6   4
   62.214326 4.848830e-01   6   5
   62.240722 5.408518e-01   6   6
   70.972434 1.000000e+00   7   0
   70.975098 9.868026e-01   7   1
   70.983101 9.472106e-01   7   2
   70.996218 8.800240e-01   7   3
   70.996735 8.800240e-01   7   3
   71.015281 7.822436e-01   7   4
   71.039592 6.508698e-01   7   5
   71.069511 4.811638e-01   7   6
   71.069511 4.811638e-01   7   6
   71.105156 2.668866e-01   7   7
   79.765426 9.862028e-01   8   0
   79.768394 9.766047e-01   8   1
   79.777310 9.478104e-01   8   2
   79.791740 8.980204e-01   8   3
   79.792686 8.980204e-01   8   3
   79.813166 8.254349e-01   8   4
   79.840257 7.282543e-01   8   5
   79.873598 6.022795e-01   8   6
   79.873598 6.022795e-01   8   6
   79.913326 4.434913e-01   8   7
   79.959598 2.452310e-01   8   8
   88.531234 8.980204e-01   9   0
   88.534496 8.914217e-01   9   1
   88.544295 8.710258e-01   9   2
   88.559866 8.368326e-01   9   3
   88.561484 8.368326e-01   9   3
   88.583705 7.864427e-01   9   4
   88.613485 7.186563e-01   9   5
   88.650139 6.316737e-01   9   6
   88.650139 6.316737e-01   9   6
   88.693819 5.208758e-01   9   7
   88.744701 3.826035e-01   9   8
   88.802986 4.227954e-01   9   9
   97.267133 7.606479e-01  10   0
   97.270678 7.564487e-01  10   1
   97.281328 7.432513e-01  10   2
   97.297817 7.204559e-01  10   3
   97.300439 7.204559e-01  10   3
   97.324158 6.880624e-01  10   4
   97.356527 6.436713e-01  10   5
   97.396372 5.866227e-01  10   6
   97.396373 5.866227e-01  10   6
   97.443861 5.140972e-01  10   7
   97.499187 4.235153e-01  10   8
   97.562572 6.220756e-01  10   9
   97.634264 1.718056e-01  10  10
  105.970488 6.022795e-01  11   0
  105.974304 5.992202e-01  11   1
  105.985768 5.911818e-01  11   2
  106.002894 5.774445e-01  11   3
  106.006959 5.774445e-01  11   3
  106.031870 5.574685e-01  11   4
  106.066721 5.304739e-01  11   5
  106.109624 4.953209e-01  11   6
  106.109625 4.953209e-01  11   6
  106.160764 4.506899e-01  11   7
  106.220354 3.948410e-01  11   8
  106.288636 6.502699e-01  11   9
  106.365880 2.389922e-01  11  10
  106.452384 1.322136e-01  11  11
  114.638759 4.472106e-01  12   0
  114.642832 4.456509e-01  12   1
  114.655072 4.411518e-01  12   2
  114.672483 4.332334e-01  12   3
  114.678560 4.332334e-01  12   3
  114.704284 4.217157e-01  12   4
  114.741499 4.061188e-01  12   5
  114.787316 3.859628e-01  12   6
  114.787319 3.859628e-01  12   6
  114.841940 3.601080e-01  12   7
  114.905599 3.276545e-01  12   8
  114.978557 5.743251e-01  12   9
  115.061107 2.367726e-01  12  10
  115.153574 1.742651e-01  12  11
  115.256306 1.932214e-01  12  12
  123.269506 3.129574e-01  13   0
  123.273823 3.121776e-01  13   1
  123.286798 3.097181e-01  13   2
  123.304061 3.053989e-01  13   3
  123.312867 3.053989e-01  13   3
  123.338943 2.992202e-01  13   4
  123.378397 2.908818e-01  13   5
  123.426973 2.799640e-01  13   6
  123.426981 2.799640e-01  13   6
  123.484901 2.658668e-01  13   7
  123.552419 2.481704e-01  13   8
  123.629816 4.521296e-01  13   9
  123.717409 1.983203e-01  13  10
  123.815547 1.638872e-01  13  11
  123.924608 2.416917e-01  13  12
  124.044999 6.718656e-02  13  13
  131.860398 2.068386e-01  14   0
  131.864945 2.064187e-01  14   1
  131.878615 2.051590e-01  14   2
  131.895199 2.030594e-01  14   3
  131.907625 2.030594e-01  14   3
  131.933493 1.999400e-01  14   4
  131.975057 1.957409e-01  14   5
  132.026226 1.902220e-01  14   6
  132.026243 1.902220e-01  14   6
  132.087266 1.830834e-01  14   7
  132.158420 1.740252e-01  14   8
  132.240004 1.626275e-01  14   9
  132.240004 1.626275e-01  14   9
  132.332359 1.483503e-01  14  10
  132.435859 1.304739e-01  14  11
  132.550910 2.160168e-01  14  12
  132.677949 7.990402e-02  14  13
  132.817443 4.452310e-02  14  14
  140.409218 1.293341e-01  15   0
  140.413980 1.291542e-01  15   1
  140.428304 1.285543e-01  15   2
  140.443568 1.275945e-01  15   3
  140.460703 1.275945e-01  15   3
  140.485689 1.261548e-01  15   4
  140.529228 1.241752e-01  15   5
  140.582814 1.215957e-01  15   6
  140.582851 1.215957e-01  15   6
  140.646766 1.182364e-01  15   7
  140.721321 1.139172e-01  15   8
  140.806825 1.084583e-01  15   9
  140.806825 1.084583e-01  15   9
  140.903644 1.015597e-01  15  10
  141.012177 9.280144e-02  15  11
  141.132860 1.636473e-01  15  12
  141.266158 6.790642e-02  15  13
  141.412571 5.038992e-02  15  14
  141.572626 5.637672e-02  15  15
  148.913864 7.666467e-02  16   0
  148.918828 7.660468e-02  16   1
  148.933770 7.636473e-02  16   2
  148.946941 7.594481e-02  16   3
  148.970097 7.594481e-02  16   3
  148.993398 7.534493e-02  16   4
  149.038775 7.450510e-02  16   5
  149.094590 7.336533e-02  16   6
  149.094664 7.336533e-02  16   6
  149.161249 7.192561e-02  16   7
  149.238956 7.000600e-02  16   8
  149.328099 6.754649e-02  16   9
  149.328099 6.754649e-02  16   9
  149.429067 6.442711e-02  16  10
  149.542288 6.046791e-02  16  11
  149.668224 1.108578e-01  16  12
  149.807373 4.901020e-02  16  13
  149.960263 4.082184e-02  16  14
  150.127458 6.076785e-02  16  15
  150.309550 1.706659e-02  16  16
  157.372360 4.317936e-02  17   0
  157.377511 4.314937e-02  17   1
  157.393041 4.305339e-02  17   2
  157.403199 4.290342e-02  17   3
  157.433936 4.290342e-02  17   3
  157.454594 4.267546e-02  17   4
  157.501677 4.234553e-02  17   5
  157.559520 4.191362e-02  17   6
  157.559662 4.191362e-02  17   6
  157.628678 4.133173e-02  17   7
  157.709277 4.055789e-02  17   8
  157.801764 3.956209e-02  17   9
  157.801764 3.956209e-02  17   9
  157.906553 3.826035e-02  17  10
  158.024099 3.659268e-02  17  11
  158.154892 6.886623e-02  17  12
  158.299461 3.164967e-02  17  13
  158.458367 2.807439e-02  17  14
  158.632205 4.693461e-02  17  15
  158.821605 1.754049e-02  17  16
  165.782854 2.311938e-02  18   0
  165.788183 2.310738e-02  18   1
  165.804287 2.307738e-02  18   2
  165.810326 2.303539e-02  18   3
  165.850483 2.303539e-02  18   3
  165.867359 2.295741e-02  18   4
  165.916027 2.285543e-02  18   5
  165.975684 2.270546e-02  18   6
  165.975947 2.270546e-02  18   6
  166.047136 2.250150e-02  18   7
  166.130358 2.222555e-02  18   8
  166.225882 2.185963e-02  18   9
  166.225882 2.185963e-02  18   9
  166.334149 2.136773e-02  18  10
  166.455640 2.071986e-02  18  11
  166.590877 3.973605e-02  18  12
  166.740417 1.875825e-02  18  13
  166.904855 1.729454e-02  18  14
  167.084820 3.079184e-02  18  15
  167.280975 1.292142e-02  18  16
  167.724684 1.098380e-02  18  18
  174.143633 1.178164e-02  19   0
  174.149131 1.178164e-02  19   1
  174.165816 1.177564e-02  19   2
  174.166420 1.176965e-02  19   3
  174.218142 1.176365e-02  19   3
  174.229881 1.175165e-02  19   4
  174.280031 1.172765e-02  19   5
  174.341272 1.168566e-02  19   6
  174.341743 1.168566e-02  19   6
  174.414826 1.163167e-02  19   7
  174.500392 1.154769e-02  19   8
  174.598634 1.143371e-02  19   9
  174.598635 1.143371e-02  19   9
  174.710023 1.126575e-02  19  10
  174.835067 1.104379e-02  19  11
  174.974317 2.147570e-02  19  12
  175.128362 1.032993e-02  19  13
  175.483383 1.811038e-02  19  15
  176.143718 1.027594e-02  19  18
  183.303475 1.093581e-02  20  12
